01:17:21.517310 IP 1.2.3.100.45292 > 1.2.3.11.3005: UDP, length 590
	0x0000:  4500 026a e879 4000 4011 4797 0102 0364
	0x0010:  0102 030b b0ec 0bbd 0256 0ada 0200 0000
	0x0020:  0000 0002 3800 0000 0000 0000 0000 0000
	0x0030:  0000 0501 0501 2210 8750 0102 0304 0506
	0x0040:  0000 0000 0000 2218 8750 3408 5332 a6dc
	0x0050:  0000 0000 0000 0000 0000 0000 0000 0000
	0x0060:  0000 0000 0000 0000 0000 0000 0000 0000
	0x0070:  0000 0000 0000 0000 0000 0000 0000 0000
	0x0080:  0000 0000 0000 0000 0000 0000 0000 0000
	0x0090:  0000 0000 0000 0000 0000 0000 0000 0000
	0x00a0:  0000 0000 0000 0000 0000 0000 0000 0000
	0x00b0:  0000 0000 0000 0000 0000 0000 0000 0000
	0x00c0:  0000 0000 0000 0000 0000 0000 0000 0000
	0x00d0:  0000 0000 0000 0000 0000 0000 0000 0000
	0x00e0:  0000 0000 0000 0000 0000 0000 0000 0000
	0x00f0:  0000 0000 0000 0000 0000 0000 0000 0000
	0x0100:  0000 0000 0000 0000 0000 0000 0000 0000
	0x0110:  0000 0000 0000 0000 0000 0000 0000 0000
	0x0120:  0000 0000 0000 0000 0000 0000 0000 0000
	0x0130:  0000 0000 0000 0000 0000 0000 0000 0000
	0x0140:  0000 0000 0000 0000 0000 0000 0000 0000
	0x0150:  0000 0000 0000 0000 0000 0000 0000 0000
	0x0160:  0000 0000 0000 0000 0000 0000 0000 0000
	0x0170:  0000 0000 0000 0000 0000 0000 0000 0000
	0x0180:  0000 0000 0000 0000 0000 0000 0000 0000
	0x0190:  0000 0000 0000 0000 0000 0000 0000 0000
	0x01a0:  0000 0000 0000 0000 0000 0000 0000 0000
	0x01b0:  0000 0000 0000 0000 0000 0000 0000 0000
	0x01c0:  0000 0000 0000 0000 0000 0000 0000 0000
	0x01d0:  0000 0000 0000 0000 0000 0000 0000 0000
	0x01e0:  0000 0000 0000 0000 0000 0000 0000 0000
	0x01f0:  0000 0000 0000 0000 0000 0000 0000 0000
	0x0200:  0000 0000 0000 0000 0000 0000 0000 0000
	0x0210:  0000 0000 0000 0000 0000 0000 0000 0000
	0x0220:  0000 0000 0000 0000 0000 0000 0000 0000
	0x0230:  0000 0000 0000 0000 0000 0000 0000 0000
	0x0240:  0000 0000 0000 0000 0000 0000 0000 0000
	0x0250:  0000 3700 0b00 8000 0000 bd0b bd0b 0000
	0x0260:  0000 0b03 0201 6503 0201
01:17:21.521599 IP 1.2.3.100.45292 > 1.2.3.11.3005: UDP, length 590
	0x0000:  4500 026a e87a 4000 4011 4796 0102 0364
	0x0010:  0102 030b b0ec 0bbd 0256 0ada 0200 0000
	0x0020:  0000 0002 3800 0000 0000 0000 0000 0000
	0x0030:  0000 0501 0501 2210 8750 0102 0304 0506
	0x0040:  0000 0000 0000 2218 8750 3408 5332 a6dc
	0x0050:  0000 0000 0000 0000 0000 0000 0000 0000
	0x0060:  0000 0000 0000 0000 0000 0000 0000 0000
	0x0070:  0000 0000 0000 0000 0000 0000 0000 0000
	0x0080:  0000 0000 0000 0000 0000 0000 0000 0000
	0x0090:  0000 0000 0000 0000 0000 0000 0000 0000
	0x00a0:  0000 0000 0000 0000 0000 0000 0000 0000
	0x00b0:  0000 0000 0000 0000 0000 0000 0000 0000
	0x00c0:  0000 0000 0000 0000 0000 0000 0000 0000
	0x00d0:  0000 0000 0000 0000 0000 0000 0000 0000
	0x00e0:  0000 0000 0000 0000 0000 0000 0000 0000
	0x00f0:  0000 0000 0000 0000 0000 0000 0000 0000
	0x0100:  0000 0000 0000 0000 0000 0000 0000 0000
	0x0110:  0000 0000 0000 0000 0000 0000 0000 0000
	0x0120:  0000 0000 0000 0000 0000 0000 0000 0000
	0x0130:  0000 0000 0000 0000 0000 0000 0000 0000
	0x0140:  0000 0000 0000 0000 0000 0000 0000 0000
	0x0150:  0000 0000 0000 0000 0000 0000 0000 0000
	0x0160:  0000 0000 0000 0000 0000 0000 0000 0000
	0x0170:  0000 0000 0000 0000 0000 0000 0000 0000
	0x0180:  0000 0000 0000 0000 0000 0000 0000 0000
	0x0190:  0000 0000 0000 0000 0000 0000 0000 0000
	0x01a0:  0000 0000 0000 0000 0000 0000 0000 0000
	0x01b0:  0000 0000 0000 0000 0000 0000 0000 0000
	0x01c0:  0000 0000 0000 0000 0000 0000 0000 0000
	0x01d0:  0000 0000 0000 0000 0000 0000 0000 0000
	0x01e0:  0000 0000 0000 0000 0000 0000 0000 0000
	0x01f0:  0000 0000 0000 0000 0000 0000 0000 0000
	0x0200:  0000 0000 0000 0000 0000 0000 0000 0000
	0x0210:  0000 0000 0000 0000 0000 0000 0000 0000
	0x0220:  0000 0000 0000 0000 0000 0000 0000 0000
	0x0230:  0000 0000 0000 0000 0000 0000 0000 0000
	0x0240:  0000 0000 0000 0000 0000 0000 0000 0000
	0x0250:  0000 2700 0b00 8000 0000 bd0b bd0b 0000
	0x0260:  0000 0b03 0201 6503 0201
